1
1.02
2
0.96
0.97
3
1.09
1.01
1.09
4
1.07
1.05
1.01
1.08
5
0.94
1.01
1.02
0.95
1.07
6
1.03
0.95
1.01
0.96
0.93
1.04
7
0.90
0.95
0.90
0.98
0.89
0.88
0.94
8
0.84
0.96
0.94
0.96
0.87
0.89
0.92
0.84
9
1.00
0.95
0.98
0.94
1.07
1.09
1.08
1.02
1.08
10
0.85
0.82
0.87
0.82
0.85
0.96
0.93
0.82
0.94
0.82
11
0.96
0.89
0.96
0.82
0.92
0.92
0.93
0.81
0.88
0.89
0.90
95
0.96
0.96
1.05
1.04
1.08
1.10
0.97
1.04
1.05
0.98
1.09
1.01
1.08
1.08
1.03
1.10
0.99
1.01
1.08
1.07
0.98
1.10
1.04
0.99
1.01
0.98
1.08
1.02
0.98
1.08
1.03
1.11
1.03
0.96
1.05
0.98
1.06
0.98
1.02
1.08
1.01
1.00
1.07
1.11
1.00
1.09
1.03
1.02
1.07
1.06
1.04
0.98
1.02
1.02
1.08
0.96
1.05
1.03
1.00
1.06
1.07
1.05
0.99
1.09
1.07
0.98
0.97
1.08
1.06
1.03
1.00
1.04
1.02
0.97
0.98
1.02
0.97
0.96
1.06
1.03
1.02
0.96
1.05
1.01
0.96
1.01
1.10
1.05
1.11
1.02
0.97
1.10
1.04
1.00
1.10
92
0.95
0.95
1.01
1.00
0.93
0.97
0.97
0.92
0.89
0.93
0.91
0.98
0.94
1.02
0.99
0.98
1.02
0.95
0.89
1.02
0.98
1.01
0.98
0.88
1.02
0.95
1.02
0.90
0.89
0.98
1.02
0.92
0.89
0.99
1.01
0.94
0.87
0.98
0.90
0.94
1.00
1.00
0.87
0.91
0.98
0.94
0.96
0.88
0.94
0.90
1.01
0.90
0.99
0.95
1.00
1.02
1.00
0.94
0.96
0.92
0.92
0.91
0.90
0.98
0.87
0.89
0.92
1.00
0.87
0.98
0.92
0.92
0.88
0.94
0.97
0.88
0.90
0.88
0.98
0.88
0.87
0.90
1.02
0.97
0.98
1.02
1.02
0.97
0.93
0.87
0.93
0.89
42
0.93
0.89
0.84
0.91
0.88
0.95
0.96
0.85
0.90
0.84
0.92
0.90
0.88
0.85
0.83
0.88
0.91
0.91
0.81
0.85
0.90
0.93
0.91
0.94
0.96
0.88
0.86
0.96
0.91
0.82
0.88
0.93
0.91
0.87
0.82
0.90
0.88
0.82
0.83
0.93
0.88
0.86
36
1.04
1.13
1.09
1.00
1.08
0.99
1.03
1.12
1.05
1.12
1.06
0.99
1.10
1.04
1.08
1.06
1.12
1.10
1.08
0.98
1.08
1.12
1.01
1.10
0.98
1.10
1.13
0.98
1.00
1.04
1.08
1.03
1.13
1.01
1.05
1.09
56
0.91
0.84
0.93
0.94
0.83
0.92
0.92
0.87
0.95
0.92
0.92
0.93
0.97
0.83
0.89
0.83
0.98
0.85
0.88
0.91
0.97
0.83
0.86
0.95
0.91
0.91
0.94
0.86
0.90
0.86
0.92
0.93
0.87
0.97
0.98
0.90
0.85
0.96
0.87
0.90
0.88
0.95
0.94
0.94
0.94
0.96
0.95
0.92
0.97
0.92
0.83
0.96
0.95
0.97
0.94
0.90
75
1.10
0.98
1.07
1.02
1.10
1.03
1.04
0.99
0.97
0.98
0.97
1.11
1.04
1.08
1.06
1.02
1.11
1.07
1.11
1.04
1.06
1.03
1.06
1.10
0.97
1.09
1.04
1.01
1.07
1.09
1.08
1.05
1.02
1.04
1.01
1.07
0.98
1.10
1.08
1.11
0.97
0.97
1.02
1.03
0.98
1.06
1.10
1.00
1.11
0.98
0.98
1.04
1.08
0.97
1.09
1.06
1.03
1.10
0.97
1.02
1.07
1.11
1.09
1.11
1.08
1.08
1.03
0.96
1.05
0.97
1.11
1.07
1.02
1.04
1.11
10
1.00
0.86
0.86
0.87
0.86
0.94
0.85
0.93
0.98
0.89
66
0.87
1.01
0.92
0.88
1.00
0.93
0.88
0.89
0.97
1.01
0.96
0.95
0.92
0.94
0.97
0.96
0.93
0.99
0.98
0.97
1.00
0.97
0.92
1.01
0.95
0.94
1.02
0.94
0.99
0.98
0.98
0.99
1.01
0.91
0.90
0.94
1.02
0.96
0.97
0.93
0.89
1.02
0.99
0.95
0.91
1.02
0.90
0.87
0.97
0.99
0.91
0.92
0.98
0.90
1.02
0.95
1.01
0.96
0.89
0.89
0.91
0.91
0.95
0.94
0.97
0.97
55
0.85
0.96
0.87
0.88
0.90
0.95
0.85
0.88
0.99
0.99
0.98
0.97
0.89
0.86
0.95
0.91
0.88
0.86
0.89
1.00
0.96
0.89
0.88
0.98
0.87
0.95
0.93
0.86
0.97
0.96
0.91
0.99
0.94
0.94
0.87
0.93
0.97
0.99
0.91
0.87
0.96
0.91
0.92
0.93
0.96
0.97
0.94
0.87
0.93
0.89
0.89
0.98
0.86
0.99
0.98
58
0.86
0.91
0.91
0.92
0.88
0.90
0.93
0.88
0.96
0.91
0.89
0.86
0.90
0.82
0.94
0.94
0.88
0.95
0.88
0.82
0.86
0.84
0.87
0.83
0.89
0.89
0.87
0.88
0.82
0.83
0.82
0.91
0.83
0.86
0.91
0.92
0.82
0.88
0.94
0.95
0.85
0.97
0.94
0.85
0.84
0.94
0.87
0.89
0.91
0.85
0.86
0.82
0.94
0.82
0.89
0.86
0.92
0.96
84
0.89
0.95
0.95
1.03
0.95
0.99
0.94
0.88
0.98
0.98
0.88
0.90
1.01
1.02
1.01
0.88
0.98
0.95
1.01
0.97
0.98
0.95
1.01
1.01
1.02
0.93
0.88
1.01
0.89
0.98
1.03
1.01
0.92
0.99
0.88
0.91
0.90
0.88
0.94
0.99
0.95
0.99
0.98
0.97
0.99
0.90
1.00
1.01
1.00
0.92
0.94
1.00
0.88
0.88
0.98
0.88
0.94
1.03
0.93
1.02
0.99
0.90
0.91
0.98
1.03
0.97
0.92
0.96
1.02
1.02
1.01
0.94
0.99
1.02
0.92
0.91
1.01
1.03
0.93
1.03
0.99
0.94
1.01
1.03
44
1.03
1.10
1.01
1.02
1.09
1.04
1.11
1.02
1.05
1.12
1.09
1.05
1.08
1.09
1.05
1.11
1.03
1.09
1.02
1.02
1.13
1.03
1.01
1.05
1.09
1.02
1.03
1.08
1.02
1.03
1.15
1.09
1.06
1.15
1.02
1.12
1.06
1.03
1.11
1.05
1.07
1.06
1.04
1.08
78
0.98
0.93
1.01
0.97
0.97
0.97
1.01
1.02
0.99
0.93
0.94
0.91
1.05
1.00
1.06
1.05
0.97
0.98
1.02
1.01
0.98
1.01
1.05
1.01
0.99
1.00
0.91
0.93
1.05
0.96
1.02
1.03
0.91
1.04
0.94
1.03
0.96
1.00
0.93
0.97
0.95
0.95
0.91
0.98
0.91
1.06
1.03
0.92
1.06
0.94
1.05
0.94
1.01
1.06
0.97
1.02
0.98
1.00
1.03
0.96
0.94
0.92
0.91
0.98
0.93
1.00
1.00
1.01
1.06
0.99
0.96
1.05
1.00
0.96
0.93
0.91
1.05
0.98
56
0.83
0.95
0.92
0.88
0.94
0.80
0.93
0.87
0.81
0.90
0.91
0.83
0.91
0.89
0.90
0.83
0.93
0.89
0.86
0.82
0.83
0.88
0.82
0.88
0.80
0.90
0.92
0.93
0.92
0.89
0.91
0.85
0.87
0.83
0.91
0.94
0.86
0.95
0.91
0.85
0.80
0.87
0.92
0.90
0.87
0.85
0.88
0.95
0.93
0.83
0.92
0.85
0.82
0.88
0.81
0.83
82
0.95
0.97
0.97
1.02
0.89
1.01
0.90
1.03
0.94
0.96
0.97
0.92
1.03
1.00
0.91
1.00
1.03
0.92
0.98
0.92
0.90
0.99
0.92
0.89
0.93
0.99
0.98
1.00
0.93
0.95
0.95
0.98
0.93
0.90
0.96
0.95
0.93
1.04
0.98
0.95
0.91
0.89
0.93
1.00
0.89
0.95
0.90
0.96
0.92
0.91
0.94
0.97
0.92
0.99
1.02
0.94
0.96
0.89
1.00
0.95
0.96
0.91
0.93
0.90
0.99
1.04
1.04
1.00
1.02
1.01
1.03
0.89
1.00
0.92
0.96
0.98
1.01
0.98
1.04
0.99
0.94
0.98
63
0.93
0.90
1.00
0.87
0.97
0.92
0.96
0.86
0.85
0.88
0.91
0.94
0.88
0.98
0.87
0.97
0.85
1.00
0.88
0.87
0.91
0.92
0.98
0.91
1.00
0.89
0.90
0.94
0.98
0.97
0.92
0.99
0.97
0.97
0.92
0.90
0.96
0.95
1.00
0.89
0.95
0.98
0.91
0.96
0.85
0.93
0.89
0.99
0.87
0.86
0.88
0.96
0.90
0.86
0.90
0.93
0.91
0.94
0.97
1.00
0.96
0.97
1.00
89
0.82
0.93
0.95
0.89
0.90
0.85
0.90
0.87
0.91
0.88
0.84
0.82
0.84
0.95
0.86
0.93
0.85
0.93
0.92
0.88
0.80
0.80
0.90
0.91
0.88
0.90
0.83
0.81
0.90
0.85
0.94
0.85
0.93
0.82
0.93
0.81
0.90
0.87
0.83
0.94
0.94
0.95
0.86
0.82
0.89
0.82
0.93
0.85
0.90
0.83
0.85
0.85
0.84
0.90
0.88
0.83
0.92
0.95
0.92
0.84
0.86
0.93
0.80
0.82
0.85
0.87
0.85
0.85
0.86
0.88
0.95
0.84
0.94
0.93
0.84
0.92
0.83
0.92
0.84
0.82
0.93
0.91
0.93
0.94
0.91
0.89
0.89
0.84
0.93
98
0.92
0.96
0.93
1.00
0.89
0.94
0.89
1.00
0.89
0.94
0.97
0.89
0.88
0.94
0.90
0.89
0.93
1.00
0.89
0.90
0.96
0.96
0.92
1.00
0.94
0.85
0.94
0.96
1.00
0.96
0.89
0.92
0.96
0.96
0.88
0.91
0.96
0.91
0.86
0.89
0.96
0.93
0.85
0.85
0.95
0.93
0.95
0.87
0.90
0.90
0.85
0.88
0.99
0.91
0.85
0.96
0.98
0.98
0.99
0.94
0.95
0.85
1.00
0.90
0.89
0.99
0.96
0.88
0.90
0.91
0.86
0.96
1.00
0.86
1.00
0.90
0.92
0.98
0.87
0.93
1.00
0.97
0.89
0.94
0.93
0.89
0.91
0.85
0.91
0.89
0.91
0.88
0.97
0.88
0.89
0.87
0.90
0.85
91
1.06
0.94
1.01
1.04
0.93
0.95
0.94
1.02
1.03
0.98
0.98
0.92
0.96
1.07
1.02
1.00
0.92
0.96
0.99
1.01
1.00
0.98
1.03
1.00
1.06
0.96
0.96
0.99
0.96
1.00
0.97
0.95
1.06
1.07
1.03
1.04
1.06
1.03
0.94
0.99
1.00
0.98
1.07
0.99
1.03
0.93
1.01
1.06
1.06
1.01
1.01
1.00
0.93
1.01
1.02
1.07
1.01
0.99
1.01
0.96
0.98
0.98
0.93
0.95
0.99
1.00
0.96
1.07
0.96
1.03
0.98
0.98
0.92
0.94
1.01
0.94
0.98
0.99
0.96
0.95
0.94
0.97
1.06
0.99
1.00
1.07
1.07
1.02
0.95
1.00
1.05
49
0.97
0.95
0.97
0.98
1.04
1.00
0.94
1.08
0.96
0.96
1.04
0.97
1.02
1.09
1.00
0.95
1.05
1.06
1.07
1.05
1.07
0.99
0.94
0.97
0.99
1.02
1.07
1.09
0.94
1.08
1.02
0.94
1.03
0.99
0.98
1.03
1.08
1.08
1.00
0.99
1.04
1.08
1.06
0.99
1.09
0.99
0.95
1.06
1.03
67
0.93
0.91
0.89
0.85
0.86
0.84
0.97
0.83
0.96
0.90
0.84
0.88
0.93
0.96
0.90
0.89
0.88
0.87
0.97
0.90
0.85
0.94
0.94
0.86
0.97
0.96
0.83
0.89
0.87
0.90
0.82
0.93
0.86
0.95
0.93
0.89
0.88
0.89
0.89
0.89
0.84
0.94
0.82
0.93
0.87
0.87
0.84
0.84
0.97
0.90
0.84
0.91
0.94
0.82
0.90
0.93
0.96
0.95
0.85
0.94
0.86
0.94
0.85
0.83
0.89
0.94
0.85
69
1.01
0.96
1.09
0.97
1.00
0.96
0.96
1.04
1.04
0.94
1.02
1.06
1.00
0.95
1.02
0.95
1.03
0.96
0.97
0.98
1.07
0.96
0.98
1.08
1.07
1.03
0.96
0.95
1.08
1.06
1.03
0.94
1.07
1.09
1.00
0.96
1.01
1.09
1.04
1.09
1.05
1.03
1.00
1.00
1.00
0.95
0.97
1.03
1.07
0.95
0.97
1.06
1.09
1.08
1.09
0.97
1.05
0.96
1.06
1.08
0.97
1.01
0.95
0.99
0.99
0.99
0.95
1.04
1.04
34
0.95
0.95
1.02
0.95
1.09
0.95
1.06
1.07
1.04
1.08
1.08
1.02
1.00
1.04
1.09
0.98
1.00
1.07
0.95
0.98
0.96
0.96
1.04
1.01
1.04
1.04
1.05
0.97
0.98
1.10
0.99
1.07
1.00
0.95
67
1.12
1.11
1.00
1.00
1.02
1.07
1.09
0.99
1.11
1.13
0.99
1.11
0.98
1.10
1.06
1.02
1.03
1.02
1.00
1.02
1.10
1.10
1.07
0.99
1.06
1.09
1.01
1.09
1.06
1.13
1.03
0.99
1.05
0.99
1.11
1.05
1.08
1.13
1.06
1.00
1.09
1.10
1.07
1.11
1.04
1.04
1.05
0.98
0.98
1.00
1.03
1.07
1.07
1.11
1.12
1.03
1.11
1.12
1.07
1.06
1.00
1.00
1.04
1.09
1.01
0.99
1.05
11
0.86
0.85
0.83
0.90
0.91
0.89
0.92
0.82
0.87
0.82
0.92
20
1.00
0.99
1.12
1.00
1.02
1.01
1.10
1.07
1.11
1.08
1.02
1.09
1.01
0.99
1.12
1.05
1.09
1.01
1.00
1.10
74
0.94
0.82
0.83
0.90
0.84
0.93
0.83
0.87
0.84
0.82
0.93
0.82
0.94
0.93
0.85
0.89
0.92
0.94
0.90
0.92
0.82
0.86
0.94
0.92
0.95
0.82
0.82
0.89
0.83
0.93
0.91
0.90
0.91
0.91
0.90
0.82
0.85
0.94
0.85
0.86
0.82
0.86
0.95
0.87
0.94
0.91
0.97
0.91
0.85
0.91
0.83
0.90
0.84
0.97
0.87
0.88
0.96
0.93
0.85
0.93
0.84
0.91
0.93
0.84
0.97
0.83
0.91
0.97
0.97
0.93
0.90
0.87
0.91
0.87
16
0.95
0.98
0.97
0.93
0.92
0.85
0.88
0.95
0.91
0.84
0.93
0.88
0.94
0.85
0.83
0.90
28
0.90
0.91
0.89
0.89
0.88
1.00
0.87
0.87
0.97
0.94
0.97
0.93
0.99
1.01
0.86
0.93
0.99
0.90
1.01
0.92
1.01
0.95
0.86
0.98
0.91
0.97
0.92
0.94
40
0.85
0.95
0.92
0.89
0.92
0.89
0.80
0.92
0.86
0.88
0.80
0.90
0.88
0.93
0.91
0.84
0.94
0.87
0.93
0.84
0.90
0.88
0.90
0.88
0.91
0.84
0.83
0.88
0.93
0.91
0.85
0.80
0.94
0.80
0.82
0.89
0.95
0.94
0.82
0.94
51
1.05
1.05
1.03
0.95
0.96
0.96
0.97
1.03
1.02
1.05
1.07
1.09
0.99
1.02
1.03
0.96
0.95
1.01
0.96
0.95
0.94
1.07
1.06
1.02
1.03
1.05
1.08
0.94
0.97
0.99
0.95
0.96
0.94
1.09
0.99
1.00
1.09
0.98
0.96
1.01
1.03
0.95
1.09
0.98
1.00
0.96
0.94
1.00
0.96
1.08
1.02
88
0.90
0.91
0.97
0.95
1.01
0.90
0.95
0.86
1.00
0.89
0.86
0.88
0.86
0.92
0.95
0.95
1.00
0.87
0.92
0.91
0.93
0.95
0.88
0.94
0.91
0.99
1.01
0.96
0.90
0.92
0.89
0.91
1.00
0.89
0.99
0.90
0.97
0.90
0.89
0.97
0.98
1.00
0.97
0.88
0.94
0.90
0.98
0.87
0.90
0.96
0.89
0.89
0.90
0.90
0.98
0.87
0.93
1.00
0.97
0.95
0.92
0.97
0.94
0.96
0.87
0.94
0.92
0.93
0.89
0.97
0.94
1.01
0.86
0.89
0.96
0.90
0.89
0.91
0.97
0.96
0.87
0.87
0.99
0.97
0.87
0.99
0.97
0.92
24
0.93
0.97
0.92
0.97
0.93
0.96
0.92
0.90
0.93
1.00
0.99
0.88
0.92
0.87
0.97
0.98
0.93
0.96
0.93
0.90
0.87
0.88
0.93
0.98
84
0.94
1.01
0.96
0.96
0.97
0.99
1.07
1.05
0.97
0.98
0.94
1.05
0.96
1.04
1.00
0.94
1.08
1.08
0.99
1.04
0.99
1.03
0.94
1.03
1.06
1.06
1.01
1.01
1.00
0.99
0.98
1.06
0.96
1.06
1.04
1.00
1.02
1.04
1.08
1.09
0.95
1.05
0.95
1.04
0.94
1.05
1.05
1.07
0.98
1.04
1.06
1.08
1.09
1.07
0.99
1.01
0.99
1.00
0.96
1.05
0.94
1.06
1.09
1.05
1.04
0.96
1.00
0.99
0.99
1.02
1.02
0.95
1.07
0.97
0.94
1.09
0.97
1.04
0.96
1.02
1.00
0.94
1.07
0.95
52
0.82
0.85
0.84
0.95
0.95
0.89
0.87
0.89
0.82
0.85
0.89
0.91
0.96
0.85
0.86
0.85
0.85
0.85
0.82
0.91
0.85
0.81
0.85
0.82
0.82
0.82
0.90
0.86
0.94
0.92
0.95
0.93
0.84
0.95
0.90
0.90
0.81
0.82
0.85
0.85
0.84
0.91
0.94
0.91
0.82
0.93
0.81
0.87
0.83
0.95
0.84
0.84
30
1.10
0.97
1.11
0.98
1.10
1.03
1.05
1.10
1.05
0.99
1.12
1.00
1.03
1.03
1.08
1.10
1.01
1.00
0.98
1.05
1.12
1.08
1.05
1.07
1.07
1.12
1.10
1.06
1.00
1.05
83
1.04
1.05
0.94
1.02
0.93
1.01
0.92
0.99
0.98
0.93
0.91
1.04
0.90
0.92
1.00
1.04
0.99
1.05
0.93
0.90
0.92
0.95
0.98
0.99
1.04
1.01
1.04
0.91
1.03
1.02
0.91
0.94
0.94
1.01
1.05
0.92
0.93
1.03
0.99
1.03
1.02
0.90
1.01
0.96
1.01
1.03
1.04
0.94
0.98
0.94
0.90
0.91
0.97
0.93
0.97
0.95
1.05
1.00
0.96
0.98
0.96
0.99
0.93
1.03
0.95
0.98
1.04
1.02
1.01
1.02
0.99
0.90
0.96
1.02
0.90
0.94
0.94
0.93
0.95
0.91
1.04
1.03
0.96
39
0.86
0.82
0.89
0.93
0.92
0.89
0.81
0.84
0.91
0.81
0.83
0.83
0.86
0.84
0.92
0.91
0.91
0.83
0.95
0.88
0.87
0.86
0.83
0.85
0.86
0.84
0.94
0.91
0.86
0.92
0.92
0.94
0.86
0.95
0.86
0.85
0.80
0.81
0.89
25
0.84
0.94
0.84
0.99
0.92
0.98
0.93
0.85
0.89
0.90
0.99
0.91
0.91
0.92
0.88
0.96
0.94
0.96
0.94
0.95
0.91
0.98
0.86
0.97
0.86
97
0.95
0.88
1.02
0.95
0.97
0.89
0.96
0.93
0.94
0.93
1.02
0.94
1.02
0.88
0.93
0.92
0.91
0.96
1.02
0.89
1.02
0.92
0.88
0.92
0.91
1.02
0.96
1.02
0.96
0.92
0.96
0.95
1.03
0.89
0.96
0.92
0.97
0.92
0.95
0.94
0.89
1.02
0.99
0.95
0.97
0.90
1.00
0.98
1.02
1.01
1.01
0.96
1.00
0.97
0.95
0.96
0.99
0.92
0.93
1.03
0.90
0.98
0.93
0.93
1.00
0.94
0.89
0.88
0.98
0.90
0.99
0.93
1.03
1.00
0.98
0.97
0.93
1.00
1.02
0.99
0.90
1.03
0.91
0.97
1.00
0.97
0.93
0.90
1.02
0.92
0.90
1.02
0.95
0.94
0.88
0.88
1.02
30
0.94
0.96
0.89
1.00
0.96
1.01
0.95
1.01
0.95
0.90
0.99
0.91
0.99
1.00
0.96
0.89
0.93
0.95
0.95
0.90
0.98
1.03
0.92
0.95
1.01
0.95
1.02
0.91
1.04
1.00
93
1.02
0.90
1.00
0.97
0.95
0.91
1.01
0.94
0.96
0.93
0.98
0.95
1.03
0.94
0.93
1.05
1.05
1.01
1.03
0.91
1.02
0.92
0.95
0.95
0.94
1.02
0.98
0.98
0.99
1.00
0.95
1.02
0.90
0.94
0.99
1.04
0.95
1.01
0.96
1.05
0.91
1.05
0.99
0.98
1.04
1.03
1.03
0.97
0.99
0.91
0.99
1.04
0.97
0.97
0.94
1.05
1.05
1.03
0.99
1.00
0.92
0.97
1.03
1.05
0.94
0.91
0.93
1.01
0.90
0.95
1.02
0.91
1.03
0.90
1.04
0.91
0.93
0.91
0.92
0.92
0.98
0.98
0.94
1.02
1.04
0.96
0.90
0.92
0.98
0.98
0.95
1.04
0.96
17
0.98
0.95
0.98
1.03
1.00
0.98
0.98
0.91
1.06
1.03
1.05
0.94
0.98
0.96
1.01
1.04
0.93
76
0.83
0.81
0.90
0.86
0.84
0.87
0.94
0.90
0.81
0.96
0.84
0.90
0.94
0.90
0.87
0.95
0.82
0.89
0.89
0.89
0.96
0.83
0.87
0.93
0.85
0.96
0.87
0.87
0.93
0.93
0.90
0.85
0.93
0.83
0.92
0.89
0.82
0.82
0.82
0.86
0.84
0.93
0.85
0.90
0.89
0.83
0.86
0.84
0.87
0.93
0.87
0.83
0.82
0.92
0.92
0.93
0.85
0.87
0.90
0.93
0.89
0.90
0.91
0.88
0.83
0.91
0.91
0.86
0.87
0.94
0.86
0.81
0.88
0.88
0.96
0.83
55
1.01
1.01
1.09
1.08
1.02
1.05
1.08
1.08
0.98
1.04
1.10
1.11
1.11
0.99
1.03
1.00
0.99
1.04
1.08
1.01
0.98
1.03
1.06
1.01
1.11
0.97
1.11
1.11
1.08
1.10
1.02
1.09
1.11
0.99
1.12
1.05
1.10
0.99
0.98
0.99
1.01
1.10
1.06
1.01
1.10
1.00
1.06
1.08
1.11
1.00
0.97
0.98
1.03
1.07
1.12
69
0.93
0.92
1.02
1.01
0.94
1.03
0.92
0.88
1.03
0.99
0.98
0.96
0.96
0.92
0.92
0.91
0.97
0.94
1.00
0.99
1.00
0.97
0.89
0.98
0.88
0.96
1.01
1.01
0.98
1.03
0.91
1.00
0.93
1.00
0.99
0.96
0.96
1.03
1.00
1.01
0.98
1.03
0.98
0.94
0.95
1.00
1.00
0.93
0.94
0.95
0.99
0.99
0.90
0.95
0.90
0.93
0.95
1.00
0.95
0.93
0.91
1.02
0.90
0.95
0.92
0.88
0.98
1.01
1.00
25
0.95
0.92
0.83
0.83
0.91
0.90
0.88
0.93
0.89
0.94
0.81
0.94
0.85
0.84
0.86
0.93
0.84
0.96
0.82
0.88
0.90
0.88
0.86
0.96
0.85
94
0.91
0.91
0.89
0.93
0.93
0.92
0.97
0.92
0.97
0.88
0.90
0.88
0.89
0.85
0.96
0.97
0.94
0.90
0.83
0.85
0.98
0.90
0.86
0.93
0.85
0.94
0.92
0.93
0.92
0.94
0.97
0.91
0.86
0.91
0.85
0.97
0.93
0.98
0.93
0.98
0.85
0.94
0.96
0.89
0.86
0.95
0.85
0.92
0.89
0.98
0.97
0.88
0.90
0.84
0.96
0.90
0.89
0.86
0.85
0.94
0.89
0.88
0.97
0.91
0.98
0.86
0.92
0.97
0.83
0.96
0.83
0.88
0.83
0.93
0.95
0.92
0.94
0.87
0.90
0.96
0.91
0.88
0.92
0.89
0.85
0.86
0.89
0.91
0.98
0.88
0.96
0.90
0.86
0.85
21
1.03
0.93
0.98
1.01
0.91
1.03
0.93
1.05
0.98
0.98
1.00
0.97
1.02
0.96
0.91
0.97
0.92
1.03
0.99
1.03
1.01
31
0.99
1.00
0.91
0.93
1.03
0.90
1.01
1.02
0.90
0.91
1.01
0.98
0.94
1.04
0.94
0.97
1.02
1.04
1.00
0.90
0.94
0.97
1.01
1.05
0.96
1.05
1.05
0.95
0.98
1.03
0.96
15
1.02
0.94
0.98
0.97
0.90
1.03
0.95
1.00
0.98
0.95
1.02
0.98
0.94
0.96
1.00
95
1.02
0.94
0.91
1.02
0.89
1.02
0.91
0.93
0.94
0.93
0.87
0.94
0.98
0.89
0.96
1.01
0.92
0.92
0.90
0.89
0.97
0.98
0.95
0.87
0.96
0.88
0.89
0.92
0.99
0.96
1.01
0.96
0.87
0.90
0.95
1.00
0.98
0.87
1.00
0.99
0.98
0.97
0.95
0.90
0.93
0.96
0.97
1.02
1.00
0.90
0.87
0.97
0.92
0.96
0.89
0.87
0.91
0.96
0.93
1.02
0.91
0.89
0.96
1.01
0.88
0.98
0.88
0.89
0.97
0.99
0.91
1.02
0.97
0.90
0.97
0.97
1.02
0.92
0.90
0.97
0.98
1.01
0.94
1.00
0.98
0.92
1.00
0.93
0.90
0.96
0.94
0.87
0.99
0.98
0.92
85
1.10
1.02
1.09
1.08
1.02
1.12
1.05
0.99
1.09
1.09
1.03
1.12
1.03
1.02
1.10
1.08
1.14
1.05
1.08
1.05
1.00
1.02
1.04
1.04
1.04
1.11
1.04
1.11
1.06
1.07
1.02
1.02
1.12
1.01
1.07
1.10
1.12
1.11
1.01
1.13
1.05
1.07
1.02
0.99
1.03
1.03
1.02
1.00
1.12
1.03
1.08
1.08
1.00
1.11
1.04
1.02
1.07
0.99
1.06
1.14
1.10
1.03
1.14
1.07
1.01
1.08
1.03
1.13
1.08
1.06
1.02
1.10
1.14
1.13
1.03
1.02
1.03
1.04
1.08
1.12
1.07
1.06
1.00
1.07
1.06
48
0.97
0.94
0.99
0.94
0.90
0.98
0.98
0.91
1.02
1.05
1.05
1.01
0.93
0.99
1.01
1.05
1.04
1.00
0.91
0.96
0.97
0.95
0.93
0.92
0.92
0.98
0.94
0.96
0.92
1.03
1.00
0.92
0.98
1.01
1.01
0.95
1.02
0.99
0.98
0.90
0.99
0.97
1.03
0.91
0.95
0.97
1.03
0.98
32
1.10
1.01
0.97
0.97
1.10
1.09
0.98
1.03
0.96
1.08
1.11
1.05
1.09
0.96
1.07
1.01
1.08
1.01
1.08
0.96
0.98
1.09
1.07
1.07
1.11
1.11
0.96
0.98
1.09
1.02
1.08
1.02
84
0.92
0.98
0.92
0.87
0.87
0.91
0.92
1.00
0.94
0.89
0.89
0.88
0.88
0.89
0.88
0.92
0.92
0.87
1.00
0.89
0.97
0.91
0.99
0.99
0.95
0.96
0.99
0.91
0.85
0.93
0.96
0.86
0.98
0.98
0.89
0.98
0.98
0.96
0.91
0.90
0.99
0.90
0.96
0.93
0.92
0.93
1.00
0.96
0.92
0.96
0.87
1.00
1.00
0.97
0.95
1.00
0.92
0.86
0.94
0.99
0.89
0.91
0.99
0.85
0.95
0.93
0.85
0.95
0.89
0.97
0.90
1.00
0.90
0.92
0.92
0.92
0.85
0.91
0.92
0.86
0.98
0.86
1.00
0.97
98
0.92
0.96
0.99
0.93
0.92
0.89
0.97
1.03
0.90
0.94
0.98
0.95
1.01
0.90
0.93
0.99
1.03
0.97
0.97
0.94
0.90
1.04
0.96
0.99
1.02
0.98
0.91
0.99
0.99
0.95
0.94
0.95
1.00
1.00
1.00
1.04
0.90
0.89
0.96
0.91
0.94
0.93
0.98
1.03
0.92
0.96
0.89
0.95
1.03
1.00
1.01
0.92
1.01
0.91
0.95
0.91
0.95
1.02
0.91
0.95
1.03
0.94
1.02
0.89
0.93
1.02
0.92
0.95
0.94
1.02
1.01
1.01
1.01
1.01
1.00
1.01
0.99
1.01
0.94
0.92
0.92
1.01
1.03
0.99
0.98
1.03
0.95
0.92
1.00
0.94
0.91
0.97
0.93
0.99
0.93
1.00
0.89
0.97
69
0.91
0.82
0.85
0.88
0.94
0.89
0.84
0.87
0.83
0.94
0.86
0.86
0.97
0.83
0.97
0.90
0.91
0.94
0.91
0.91
0.90
0.82
0.97
0.82
0.84
0.95
0.91
0.90
0.86
0.87
0.94
0.82
0.97
0.96
0.92
0.83
0.94
0.87
0.82
0.88
0.93
0.87
0.84
0.89
0.85
0.93
0.93
0.91
0.86
0.85
0.92
0.89
0.95
0.91
0.87
0.93
0.90
0.87
0.84
0.85
0.87
0.95
0.94
0.93
0.89
0.96
0.92
0.87
0.92
72
0.96
1.00
1.03
1.03
0.98
0.99
1.06
0.95
0.92
0.96
1.04
1.02
0.99
0.97
0.98
0.96
0.97
1.06
0.91
0.97
0.93
0.99
1.02
0.93
1.06
0.94
1.03
0.97
1.00
1.06
1.02
0.94
1.02
1.01
1.04
1.00
0.93
0.94
1.02
1.02
0.92
0.99
0.99
0.93
1.02
1.01
0.91
1.01
1.00
0.92
0.91
0.97
0.93
0.92
1.02
1.00
0.91
1.02
1.05
0.96
1.02
0.98
1.03
0.95
1.02
0.97
0.99
1.01
0.94
0.98
1.06
0.98
41
0.94
1.06
1.03
0.98
0.92
0.98
1.04
0.95
0.95
1.05
0.96
0.99
0.99
1.04
0.96
0.98
0.98
0.96
1.06
0.95
1.04
0.97
0.96
0.97
0.95
1.06
0.97
1.04
1.00
1.05
1.05
0.97
0.93
1.01
0.93
1.01
0.92
0.96
1.02
0.96
1.02
25
1.05
1.09
0.96
1.07
0.95
0.95
1.03
0.96
1.01
1.01
0.95
1.08
1.01
0.97
1.03
1.03
0.98
1.02
1.00
1.07
0.95
0.97
1.09
0.96
1.05
14
1.00
1.08
1.13
1.11
1.15
1.15
1.10
1.04
1.01
1.02
1.09
1.15
1.01
1.07
97
1.02
1.07
0.97
1.03
0.93
1.06
1.02
0.93
1.01
1.07
0.96
0.96
1.05
1.02
1.01
0.99
1.05
0.96
1.00
0.97
1.02
1.07
0.92
1.05
1.02
1.06
1.01
1.05
1.06
0.98
0.93
1.06
0.98
1.06
1.01
1.00
1.03
0.94
0.92
1.01
0.96
1.05
0.92
0.99
1.03
1.05
1.05
0.94
1.02
1.01
0.94
0.99
1.00
0.99
1.02
1.00
1.02
1.02
0.95
0.95
1.04
1.04
1.00
0.95
1.02
0.99
1.06
1.05
0.92
0.95
0.98
0.95
0.98
0.97
1.01
1.04
0.96
1.04
1.01
0.92
1.00
1.03
0.99
0.94
0.96
0.94
1.03
0.93
1.01
1.00
1.06
0.96
0.96
1.04
1.03
1.03
1.03
74
0.96
0.95
1.00
1.06
0.96
0.95
1.07
0.94
1.06
0.97
0.95
1.01
1.03
1.07
1.08
1.03
0.96
1.05
1.02
1.05
1.09
0.97
1.03
1.06
0.98
1.07
1.05
1.03
1.04
1.03
0.98
1.08
1.01
0.99
1.02
1.09
0.99
1.05
0.95
1.00
0.96
1.01
1.01
1.02
1.06
1.00
1.05
1.06
0.94
1.00
1.04
0.96
0.99
1.02
0.96
0.99
0.94
1.07
0.99
0.98
1.00
0.94
1.08
0.97
0.99
1.00
1.09
0.95
1.02
1.04
1.08
1.01
0.94
0.96
57
1.06
1.00
0.98
1.02
1.05
1.00
0.96
1.04
0.99
0.96
0.98
1.01
1.06
0.92
0.93
0.96
0.98
1.06
0.97
1.05
1.00
0.93
1.04
0.97
0.96
1.00
0.92
0.94
1.04
0.96
1.00
0.91
0.92
1.04
0.98
0.98
1.04
1.00
1.02
0.96
1.04
0.91
0.94
0.97
0.93
0.92
0.91
1.03
1.02
0.96
0.98
0.95
0.91
0.97
1.04
1.04
0.92
55
0.95
0.97
0.97
0.89
0.98
0.96
0.94
0.87
0.94
0.95
0.91
0.99
0.98
1.00
0.91
0.92
0.85
0.98
0.91
0.99
0.88
0.87
0.93
0.85
0.91
0.92
0.88
0.94
0.99
0.88
0.88
0.99
0.97
0.89
0.87
0.95
0.93
0.99
0.93
0.85
0.98
0.87
0.98
0.91
0.87
0.97
1.00
0.89
0.89
0.95
0.93
0.93
0.85
0.93
0.89
53
0.89
0.96
0.94
0.87
1.01
0.88
1.02
0.94
0.87
0.94
0.90
0.94
0.92
1.01
0.94
0.92
0.91
0.88
0.88
0.95
0.96
0.99
1.00
0.91
0.99
0.90
0.93
0.95
0.97
0.91
0.89
0.95
0.87
0.92
0.89
0.95
1.02
1.01
0.98
0.93
0.95
1.02
0.95
0.89
0.99
0.87
0.96
0.89
0.90
0.91
0.90
0.95
0.87
71
1.00
1.08
1.00
1.05
1.08
1.07
1.08
1.03
1.12
1.03
0.99
1.12
0.99
1.04
1.14
1.02
1.05
1.13
0.99
1.00
1.05
1.08
1.06
1.12
1.11
1.09
1.09
0.99
1.12
1.02
1.03
1.02
1.14
1.06
1.07
1.02
1.03
1.13
0.99
1.02
1.12
1.14
1.00
1.09
1.12
0.99
1.06
1.00
1.07
1.03
0.99
1.12
1.06
1.11
1.10
1.04
1.01
1.00
1.08
1.01
1.05
1.02
1.00
1.13
1.13
0.99
1.12
1.10
1.02
1.13
1.02
71
0.99
0.99
0.99
0.98
0.97
1.00
1.00
1.04
1.02
1.03
0.98
0.94
0.96
0.89
0.89
1.01
0.89
1.02
1.03
1.01
0.98
0.91
0.90
0.95
0.94
0.98
0.98
1.00
0.96
0.92
0.89
0.89
0.96
0.93
1.04
0.93
0.98
1.01
0.92
0.97
1.00
0.97
1.02
1.04
1.00
1.03
1.01
0.99
0.92
0.94
1.00
1.03
0.96
0.90
1.01
0.97
1.02
1.02
0.98
0.95
0.95
0.97
0.93
1.04
0.99
0.96
0.93
1.02
0.95
1.04
1.01
36
1.02
1.00
1.00
1.07
1.04
1.06
1.05
0.97
1.02
1.08
0.96
0.96
0.99
0.99
1.06
0.97
1.00
1.05
1.01
1.06
1.07
0.97
1.08
0.97
0.98
0.95
1.05
1.00
0.96
0.97
0.95
0.98
1.05
0.95
0.96
1.01
19
1.02
0.98
0.95
1.03
0.94
1.00
1.02
0.88
0.89
0.91
0.99
0.92
0.97
1.02
0.92
0.95
0.98
0.97
0.97
67
1.10
1.13
0.99
0.99
1.05
1.13
1.02
1.14
1.10
1.04
1.08
1.13
1.02
1.10
1.03
1.10
1.03
0.99
1.11
1.09
1.14
1.02
1.05
1.12
1.00
1.01
1.05
1.09
1.10
1.14
1.10
1.02
0.99
1.11
1.14
1.06
1.00
1.13
1.06
1.02
1.14
1.00
1.14
1.06
1.13
1.13
1.08
1.12
1.13
1.08
1.03
1.05
1.02
1.00
1.09
1.08
1.01
1.08
1.10
0.99
1.08
1.08
1.10
1.01
1.14
1.03
1.14
67
1.00
1.12
0.97
1.11
0.99
1.02
1.01
0.97
1.09
1.09
1.03
1.07
1.09
1.07
1.01
1.06
0.98
1.09
1.10
0.99
1.01
1.03
1.09
1.03
1.07
1.00
1.07
1.00
1.00
0.98
1.01
1.05
1.00
1.01
1.03
1.09
1.05
0.98
0.99
1.05
0.97
1.09
1.12
1.08
1.10
1.04
1.08
0.97
1.07
1.06
1.05
1.03
1.04
1.04
0.99
1.03
1.03
1.00
1.07
1.12
1.12
1.01
1.12
0.97
1.10
1.07
1.04
42
1.02
1.03
1.14
1.00
1.09
1.01
1.02
1.08
1.02
1.12
1.13
1.09
1.11
1.14
1.13
1.02
1.13
1.09
1.14
1.12
1.07
1.15
1.15
1.10
1.09
1.12
1.13
1.09
1.13
1.01
1.02
1.01
1.00
1.09
1.11
1.06
1.04
1.12
1.12
1.00
1.04
1.12
94
1.10
1.01
1.00
1.12
1.05
1.11
1.13
1.09
1.04
1.12
1.00
1.12
1.03
0.99
1.08
1.07
1.14
0.99
1.14
1.06
1.08
1.13
1.07
1.01
1.06
1.04
1.03
1.04
1.14
0.99
1.06
1.11
1.00
1.05
1.11
1.01
1.09
1.05
1.05
1.06
1.08
1.00
1.11
1.14
1.10
1.14
1.06
1.08
1.07
1.09
1.12
1.12
1.01
1.12
1.08
1.13
1.02
1.00
1.01
1.10
1.14
0.99
1.09
1.10
1.05
1.08
1.06
1.14
1.02
1.11
1.10
1.10
1.05
1.09
1.10
1.03
1.04
1.00
1.04
1.12
1.08
1.13
1.05
1.00
1.00
1.06
1.14
1.12
1.09
1.12
1.05
1.13
1.00
1.09
37
1.04
1.07
1.06
1.12
1.00
1.08
1.13
1.00
0.99
1.09
1.02
1.02
1.10
1.10
1.13
1.11
1.07
0.99
1.05
1.13
1.11
1.11
1.07
1.07
1.03
1.08
1.07
1.04
1.07
0.99
1.13
1.10
1.11
1.11
1.13
0.99
1.10
94
0.99
0.94
0.94
0.98
1.02
0.92
0.90
1.01
0.99
0.92
1.05
1.03
0.92
0.97
1.03
1.05
0.96
1.03
0.92
1.04
1.03
0.97
0.97
0.99
1.01
0.96
1.04
0.97
0.96
0.99
0.93
1.05
0.94
1.01
0.91
0.91
0.94
0.94
0.98
0.92
0.98
1.04
0.99
0.92
1.03
1.02
0.97
1.00
1.00
0.93
0.90
1.04
0.96
1.04
0.97
0.93
1.00
0.98
0.90
0.98
1.03
0.97
1.05
1.05
0.97
1.03
1.03
0.95
0.95
0.95
1.04
0.95
1.03
1.04
0.95
1.02
1.00
1.00
0.90
0.97
0.98
0.98
1.01
0.92
0.91
0.90
0.92
0.95
1.05
1.05
0.91
0.99
0.99
0.98
33
0.87
0.93
0.94
0.95
0.97
0.83
0.85
0.89
0.89
0.91
0.87
0.94
0.82
0.85
0.86
0.97
0.88
0.96
0.93
0.93
0.94
0.93
0.97
0.92
0.88
0.90
0.86
0.94
0.93
0.95
0.83
0.84
0.91
100
1.02
1.00
0.99
0.99
1.03
1.02
1.09
1.08
1.04
0.96
1.00
0.98
1.09
0.97
1.00
1.01
0.99
0.99
1.09
1.02
1.00
0.98
1.09
0.99
1.09
1.06
1.02
1.04
0.98
1.05
1.01
1.05
1.09
0.97
0.97
0.96
1.09
0.97
1.00
1.07
1.08
1.05
1.01
1.01
1.04
0.95
1.07
1.01
1.01
0.95
0.96
1.07
0.97
0.97
0.95
0.97
0.99
1.05
1.01
1.02
0.95
1.03
0.95
1.03
0.96
0.98
0.95
1.04
1.00
1.08
1.09
1.02
0.99
1.08
1.06
0.97
1.08
0.96
0.97
1.00
1.05
0.95
1.09
1.08
0.98
1.01
1.08
1.05
1.03
1.10
1.05
1.08
1.09
0.99
1.04
1.03
0.99
1.03
1.08
1.03
81
0.88
0.81
0.81
0.89
0.86
0.85
0.81
0.94
0.84
0.86
0.92
0.86
0.83
0.87
0.87
0.94
0.84
0.87
0.81
0.92
0.87
0.92
0.86
0.87
0.86
0.87
0.90
0.84
0.83
0.88
0.86
0.89
0.95
0.93
0.95
0.86
0.86
0.90
0.86
0.88
0.85
0.88
0.82
0.87
0.89
0.82
0.84
0.84
0.83
0.90
0.85
0.85
0.95
0.83
0.91
0.94
0.92
0.94
0.81
0.90
0.90
0.92
0.90
0.95
0.88
0.82
0.89
0.80
0.89
0.81
0.83
0.88
0.81
0.93
0.91
0.87
0.86
0.84
0.94
0.94
0.92
87
0.85
0.86
0.88
0.91
0.87
0.93
0.85
0.94
0.89
0.94
0.92
0.84
0.93
0.84
0.89
0.85
0.89
0.91
0.94
0.82
0.91
0.89
0.80
0.84
0.92
0.94
0.88
0.95
0.93
0.86
0.88
0.93
0.91
0.80
0.87
0.95
0.85
0.87
0.83
0.80
0.84
0.95
0.84
0.85
0.91
0.85
0.93
0.93
0.86
0.89
0.85
0.85
0.81
0.92
0.89
0.80
0.92
0.80
0.94
0.82
0.89
0.90
0.82
0.82
0.82
0.83
0.83
0.92
0.91
0.84
0.88
0.88
0.87
0.85
0.93
0.86
0.88
0.88
0.89
0.89
0.93
0.93
0.87
0.91
0.92
0.84
0.81
13
1.06
1.09
1.03
1.04
1.10
1.06
1.11
1.00
1.05
1.05
0.99
1.06
1.01
34
1.01
1.02
1.01
0.97
1.00
1.03
0.99
0.97
0.99
1.00
1.06
0.92
1.00
0.94
0.93
1.03
0.99
0.93
0.96
1.05
1.01
0.93
0.97
0.92
1.05
0.96
1.01
1.00
1.04
1.02
1.06
1.05
0.94
1.03
11
1.02
1.05
1.00
1.00
1.07
1.08
0.97
1.01
1.06
1.02
0.95
49
0.97
0.99
0.97
0.91
0.91
0.99
0.92
0.93
0.92
0.90
0.90
0.96
0.97
0.97
0.89
0.91
0.94
0.99
0.92
0.94
0.95
0.96
1.04
0.94
0.95
1.04
1.03
0.98
0.95
0.94
0.89
0.89
0.94
0.90
0.97
0.93
0.95
0.98
0.99
1.01
1.01
0.99
0.99
1.00
0.90
0.94
0.93
0.96
1.02
80
1.02
0.98
0.95
0.91
1.01
0.95
0.92
1.00
0.92
0.99
1.04
0.97
0.98
1.03
0.94
1.04
1.02
0.89
1.03
0.93
1.00
0.92
1.02
0.98
0.99
0.90
0.95
1.03
0.98
1.02
0.98
1.02
0.91
1.01
0.97
1.01
1.01
0.98
1.02
0.96
0.91
0.94
0.89
1.01
0.91
0.96
0.93
1.01
0.95
0.99
1.00
1.02
0.90
0.93
0.94
1.03
0.95
0.93
0.90
0.91
0.93
1.03
0.97
1.02
0.89
1.04
0.93
0.95
0.94
1.02
0.94
1.03
0.90
1.02
0.94
1.03
0.92
0.89
0.92
0.99
71
0.88
0.97
0.99
0.99
0.90
0.86
0.87
0.96
0.88
0.99
0.90
0.89
0.99
0.87
0.96
1.01
0.98
0.98
0.96
0.98
1.01
1.01
1.01
0.92
0.86
0.89
0.98
0.97
1.00
0.92
0.91
0.95
0.87
0.89
0.99
0.93
0.86
0.99
0.86
0.86
1.00
0.91
0.94
0.92
0.94
0.90
1.01
0.90
0.97
0.88
0.91
1.00
0.91
0.97
0.96
0.86
0.93
0.86
0.96
0.99
0.89
0.89
0.99
0.89
1.01
0.97
0.90
0.95
0.93
0.99
0.99
44
1.13
1.10
1.08
1.09
1.10
1.04
1.02
1.01
1.04
1.01
1.01
1.14
1.12
1.02
1.15
1.00
1.15
1.05
1.00
1.07
1.03
1.03
1.14
1.11
1.01
1.10
1.07
1.12
1.04
1.09
1.02
1.12
1.11
1.14
1.05
1.05
1.03
1.06
1.00
1.15
1.01
1.01
1.09
1.11
16
0.94
0.99
1.00
1.02
0.92
0.98
0.94
0.95
0.87
0.92
0.96
0.88
1.02
0.90
0.88
1.02
0
