385
332
80
292
390
25
398
64
354
98
336
91
291
228
290
357
227
363
209
257
341
274
322
248
75
104
345
313
255
406
19
336
168
112
121
393
379
9
387
30
253
177
273
369
392
364
208
199
69
178
146
101
127
154
289
259
315
292
21
333
357
19
348
338
311
111
50
260
387
168
84
159
367
330
169
345
254
211
41
264
80
119
53
69
398
309
203
16
130
191
175
205
165
65
317
355
136
114
379
355
213
164
299
123
36
202
355
267
124
362
348
116
166
70
51
290
54
206
245
266
335
179
195
380
43
24
85
51
340
234
315
216
344
360
60
19
327
132
141
301
281
140
217
228
109
88
301
327
311
295
94
309
56
165
256
144
299
310
222
162
249
58
97
279
201
364
188
243
152
117
299
309
58
338
200
125
238
140
185
355
75
154
210
80
93
46
298
173
247
133
36
153
201
370
283
110
314
389
268
43
