31715
57819
27122
16577
22538
48982
9866
33699
15736
46550
8835
66224
70236
5730
33313
44305
21720
18778
858
32802
13025
3216
40942
19944
3281
52167
54748
39247
65319
24557
26229
28374
29792
7696
24651
10449
47404
25461
50934
27307
44091
23398
2944
964
7449
12463
57742
60636
59830
30880
17785
47680
9979
53316
16112
33021
7313
31597
29875
40428
22067
3268
40
27267
29749
22263
18634
62256
25979
55017
21415
37507
38950
52764
44879
8952
28
26069
46830
34768
13702
571
59616
62811
60067
70255
51690
12965
24734
2359
5880
33810
49077
14784
3276
234
9318
17372
37949
18688
2413
68391
2399
6543
41702
14873
34147
3731
10234
31777
28864
10476
23875
19066
47793
31997
65887
52770
55009
36239
64576
23698
7779
25865
57881
1006
13384
20250
9679
55233
1450
55665
17165
4831
54557
63408
55411
23751
35564
23986
63108
33823
5289
45017
51844
65841
67778
5484
40432
13281
8744
3147
14984
15050
30355
17574
51960
67097
12615
65095
1282
333
19291
40966
16788
17188
31137
66493
2305
39973
843
31133
52672
62144
6938
33037
57694
6484
30333
16331
20950
68928
53299
55425
67031
58687
5070
35265
60230
58862
30307
4317
4321
16293
31389
29901
66835
1610
6997
4217
36767
38355
24525
454
5347
34954
8228
9443
1145
32892
31626
33211
37109
36015
10756
4085
67016
14072
46186
19475
44717
8684
36906
20998
62650
49091
31716
2347
1903
2379
35154
22702
45338
43
37291
37409
62580
65394
27204
111
25425
5996
64828
63611
55399
46300
26342
9534
52187
861
27430
2101
55178
12644
17537
60774
24870
61507
733
62010
10376
69747
21720
14059
20161
17458
49539
5830
8661
39794
33033
39471
27456
13051
25309
51433
62091
62297
16501
773
18940
53551
42872
37726
2227
821
5303
9453
56927
42229
61154
58342
7838
40
39749
61137
1662
23830
4015
10610
56907
56814
42129
29189
3668
6436
18725
59492
9582
64
12881
11845
54201
4407
32797
33843
27668
21579
25014
12849
12426
70363
436
36728
15529
16872
41868
58434
15453
24708
9382
29370
50743
9971
59409
25703
34536
11715
49059
63687
36206
49005
42245
24234
12210
25299
12888
53699
16601
6183
5246
507
39046
60403
38544
17387
3528
50670
19107
16424
20696
8043
24892
65443
48406
15056
17052
11285
34340
50657
55829
55647
42366
32415
18367
0
18605
4218
33970
41142
26840
53352
67987
3272
29984
0
66881
5764
35181
49678
43521
10229
10666
40111
1063
56770
47832
9664
10380
300
18638
21360
1416
20489
6017
49223
7480
36145
30235
33118
66035
65639
12751
49779
64253
15696
45347
35942
42540
21
58220
138
12581
26711
40127
24348
66276
53296
4175
13063
64085
29090
62680
14728
31720
20028
21154
5958
66364
37949
30380
5035
588
13961
37457
44792
40868
378
65317
50836
49387
68233
41472
38868
7814
33196
56193
24412
54444
17907
23070
4636
29072
48122
67792
68503
55017
10169
68111
64494
7651
46015
54404
13791
100
13109
21047
1421
12833
28733
6042
63479
50957
43087
3882
25887
48802
31690
22608
67506
774
3719
14704
465
5783
51493
30332
6631
28035
18119
53476
39568
9293
25247
28760
35466
5693
12621
55059
65132
36887
9840
64205
49
5676
40006
8614
40014
8271
37704
31265
8461
52437
16436
25251
23475
49385
46210
50357
31420
17133
419
47126
33367
35515
19411
34886
43000
52820
46552
31922
42691
61025
61872
28486
64617
57863
4057
25309
19313
30529
19994
54745
3968
31642
36403
29185
34456
10340
1068
28369
29112
37077
9589
9462
32816
57553
10550
7784
22448
27685
35145
68298
5376
56194
3128
52867
12097
66658
44474
32237
2125
11089
437
55728
20574
27570
19300
5733
69447
11537
76
34170
64984
45835
43290
6827
31938
25529
21016
62058
63905
52313
42087
39628
29380
17581
2480
16747
21544
30554
25654
41145
5861
27402
17359
7385
45241
57193
8968
53255
52730
11687
40547
57136
95
56661
29360
4386
47318
10158
13436
57660
34245
22875
43482
19999
8782
27505
11449
7920
4820
15644
29476
9412
43906
29487
14172
15843
12771
28050
25583
3322
25904
54789
50821
7855
66534
50521
12612
144
32610
39444
62562
29512
4649
61448
14197
26482
62793
8770
54908
54875
49605
53799
17613
59888
1781
19557
49475
38520
56702
15722
20718
717
7755
10480
60693
52856
3260
28657
44657
497
32794
18960
54921
40333
28165
45909
762
62557
4323
15553
10268
5592
14911
38512
8806
1465
483
21950
31586
63802
27923
3993
66945
60226
641
11848
5033
3245
19217
64754
19263
15731
51769
52832
54799
48792
1913
7231
2933
4427
5801
247
54392
54368
34470
54068
13883
15151
41873
22229
53011
52434
19409
40306
42690
569
1904
13
45830
7543
52601
61606
69101
310
51683
12080
25051
43542
69692
15872
21045
57985
47859
12658
66585
9590
12898
41661
49420
5138
2379
24503
54991
17071
55537
39421
37603
12704
21012
8814
37433
9790
6324
65895
24946
43580
42218
4372
61428
37063
12303
30803
63173
65143
29797
6527
22616
12696
9948
60745
34894
52111
52299
68843
590
55207
8773
24557
26748
23203
5340
10595
35920
22980
1998
52029
42549
33840
517
39032
47554
13214
19375
39827
34119
50291
20059
25614
53017
26965
2113
53168
42260
11123
10466
23447
54610
9579
2223
15159
22949
25218
47517
39065
48769
25123
42062
10294
6239
1279
24516
13298
46724
52082
6720
52486
44214
27713
15880
9697
4354
7293
985
60697
33918
9578
42862
14359
18114
32809
51082
34539
14482
35622
43992
109
28384
33893
15491
22066
33918
58826
24182
57579
63710
25753
60486
26061
22995
42462
1315
62180
46341
48306
8919
37964
11187
25633
65585
15701
10616
37630
9946
37712
63445
0
60054
24557
13190
29549
57851
24058
12465
1338
8040
28759
19430
6072
31969
42016
44930
32681
38392
14927
28299
61537
3887
15755
36109
34175
23669
51135
13203
47179
6507
51187
16250
20852
6040
4956
32657
26256
9690
4042
1536
30481
56315
50853
69926
11866
47867
11936
22378
10122
25506
468
66082
12818
37991
16368
540
14993
14250
1151
21491
66795
1523
2217
37427
34477
5366
25916
37239
26773
2687
19801
17595
12837
6212
62543
13381
18480
733
66554
39870
13070
651
38070
1251
26366
36773
33449
16318
50614
10814
33245
30194
